       PRDID      CUSID CBCODE TXTYPE OPTTYPE OPTBS QPRICE   TRDATE  EFFDATE  SETDATE  OPTEXDT OPTEXDTN  PERDATE  PREPAY   CBTPDT  CBTPPRI  CBTQTY  STORQTY  PERRATE  VOLTRD  VOLNHED  COSTCAP  FACEVAL    CBTCOST     CBAMT  CBPER   CBTUPRM  PREMTOT  STORPREM CURR BRHCOD DEPTCD TRADERID SALENO ACCTNO  FEEDEP  FEESALE  RECDATE RECTIME RECUSER         UPNO REVIEWDT REVIEWTM REVIEWNO CHGUSER  CHGDATE CHGTIME SHORTT MARK ASWPRDID OSETDATE LONGEX  PRICEENT FLAG1 FILLER
ASOP23090108 S123581497  50097    ASO       C     S      1 20230906 20230907 20230908 20260722 20260722              0.0 20260731 101.5100     5.0      5.0     4.30   35.79   1.1230   1.6610 100000.0 103.800000  519000.0  11.10 14.900000  74500.0   74500.0  TWD   5850    631    10112  10112    751   150.0      0.0 20230906    1413   10112 A20230906030 20230906 14320708   FSPSPT  FSPSPT 20230906  143207      N               20230908      N      70.0             
ASOP23090398 S123581497  99061    ASO       C     S      1 20230922 20230925 20230926 20250529 20240308              0.0 20250609 100.5006     4.0      0.0     2.30   34.54   1.1230   1.6610 100000.0 116.000000  464000.0   3.58 19.580000  78320.0       0.0  TWD   5850    631    10112  10112    751   150.0      0.0 20230922       0   10112 A20230922017 20230922 14050068   FSPSPT  FSPSPT 20230922  140500      N               20230926      N      70.0             
ASOP23090418 S123581497  99061    ASO       C     S      1 20230925 20230926 20230927 20250529 20240308              0.0 20250609 100.5006     1.0      0.0     2.30   34.52   1.1230   1.6610 100000.0 115.000000  115000.0   3.57 18.570000  18570.0       0.0  TWD   5850    631    10112  10112    751   150.0      0.0 20230925    1421   10112 A20230925020 20230925 14352986   FSPSPT  FSPSPT 20230925  143529      N               20230927      N      70.0             
ASOP23100023 S123581497  28887    ASO       C     S      1 20231002 20231003 20231004 20260430 20240322              0.0 20260512 100.6012    10.0      0.0     3.50   18.24   1.1230   1.6610 100000.0 106.600000 1066000.0   8.63 15.230000 152300.0       0.0  TWD   5850    631    10112  10112    751   100.0      0.0 20231002    1350   10112 A20231002023 20231002 14085078   FSPSPT  FSPSPT 20231002  140850      N               20231004      N      70.0             
ASOP23110232 S123581497  61874    ASO       C     S      1 20231115 20231116 20231117 20250213 20240124              0.0 20250222 100.0000    10.0      0.0     3.65   52.70   1.2055   1.5577 100000.0 123.240000 1232400.0   4.74 27.980000 279800.0       0.0  TWD   5850    631    10112  10112    751   100.0      0.0 20231115    1351   10112 A20231115016 20231115 13581751   FSPSPT  FSPSPT 20231115  135817      N               20231117      N      70.0             
ASOP23110329 S123581497  61874    ASO       C     S      1 20231122 20231123 20231124 20250213 20240131              0.0 20250222 100.0000    10.0      0.0     3.65   52.66   1.1966   1.5577 100000.0 122.100000 1221000.0   4.67 26.770000 267700.0       0.0  TWD   5850    631    10112  10112    751   100.0      0.0 20231122    1348   10112 A20231122012 20231122 14000785   FSPSPT  FSPSPT 20231122  140007      N               20231124      N      70.0             
ASOP23120125 S123581497  45663    ASO       C     S      1 20231206 20231207 20231208 20261118 20240205              0.0 20261127 100.0000    10.0      0.0     3.25   26.61   1.1700   1.5630 100000.0 110.095000 1100950.0   9.77 19.865000 198650.0       0.0  TWD   5850    631    10112  10112    751   100.0      0.0 20231206    1405   10112 A20231206034 20231206 14182522   FSPSPT  FSPSPT 20231206  141825      N               20231208      N      70.0             
ASOP23120282 S123581497  53887    ASO       C     S      1 20231213 20231214 20231215 20261126 20231220              0.0 20261206 100.0000    10.0      0.0     2.75   31.40   1.1704   1.5630 100000.0 105.400000 1054000.0   8.30 13.700000 137000.0       0.0  TWD   5850    631    10112  10112    751   100.0      0.0 20231213    1406   10112 A20231213044 20231213 14283880   FSPSPT  FSPSPT 20231213  142838      N               20231215      N      70.0             
ASOP23120369 S123581497  50097    ASO       C     S      1 20231215 20231218 20231219 20260722 20260722              0.0 20260731 101.5100    30.0     30.0     4.30   20.43   1.1502   1.5630 100000.0 105.986667 3179600.0   9.85 15.836667 475100.0  475100.0  TWD   5850    631    10112  10112    751   100.0      0.0 20231215    0908   10112 A20231215044 20231215 14260274   FSPSPT  FSPSPT 20231215  142602      N               20231219      N      70.0             
ASOP23120456 S123581497  53887    ASO       C     S      1 20231221 20231222 20231225 20261126 20240304              0.0 20261206 100.0000     7.0      0.0     2.75   34.45   1.1507   1.5630 100000.0 109.778571  768450.0   8.27 18.048571 126340.0       0.0  TWD   5850    631    10112  10112    751   150.0      0.0 20231221    1353   10112 A20231221025 20231221 14113755   FSPSPT  FSPSPT 20231221  141137      N               20231225      N      70.0             
ASOP23120472 S123581497  50097    ASO       C     S      1 20231222 20231225 20231226 20260722 20260722              0.0 20260731 101.5100    20.0     20.0     4.30   20.76   1.1507   1.5630 100000.0 109.250000 2185000.0   9.77 19.020000 380400.0  380400.0  TWD   5850    631    10112  10112    751   100.0      0.0 20231222    1351   10112 A20231222015 20231222 14195871   FSPSPT  FSPSPT 20231222  141958      N               20231226      N      70.0             
ASOP23120516 S123581497  53887    ASO       C     S      1 20231227 20231228 20231229 20261126 20240304              0.0 20261206 100.0000     3.0      0.0     2.75   34.18   1.1507   1.5630 100000.0 110.950000  332850.0   8.24 19.190000  57570.0       0.0  TWD   5850    631    10112  10112    751   150.0      0.0 20231227    1344   10112 A20231227012 20231227 13551171   FSPSPT  FSPSPT 20231227  135511      N               20231229      N      70.0             
ASOP23120555 S123581497  53887    ASO       C     S      1 20231229 20240102 20240103 20261126 20240304              0.0 20261206 100.0000    10.0      0.0     2.75   33.55   1.1500   1.5630 100000.0 110.200000 1102000.0   8.15 18.350000 183500.0       0.0  TWD   5850    631    10112  10112    751   100.0      0.0 20231229    1355   10112 A20231229021 20231229 14192636   FSPSPT  FSPSPT 20231229  141926      N               20240103      N      70.0             
ASOP24010131 S123581497  50097    ASO       C     S      1 20240110 20240111 20240112 20260722 20260722              0.0 20260731 101.5100     5.0      5.0     4.25   20.98   1.1500   1.5710 100000.0 106.000000  530000.0   9.49 15.490000  77450.0   77450.0  TWD   5850    631    10112  10112    751   150.0      0.0 20240110    1350   10112 A20240110018 20240110 13585837   FSPSPT  FSPSPT 20240110  135858      N               20240112      N      70.0             
ASOP24010264 S123581497  80273    ASO       C     S      1 20240119 20240122 20240123 20250703 20240307              0.0 20250713 101.5075     5.0      0.0     4.25   32.76   1.1723   1.5710 100000.0 127.050000  635250.0   4.91 31.960000 159800.0       0.0  TWD   5850    631    10112  10112    751   150.0      0.0 20240119    1340   10112 A20240119021 20240119 14001211   FSPSPT  FSPSPT 20240119  140012      N               20240123      N      70.0             
ASOP24010458 S123581497  53887    ASO       C     S      1 20240131 20240201 20240202 20261126 20240304              0.0 20261206 100.0000     6.0      0.0     2.75   30.97   1.1832   1.5990 100000.0 111.300000  667800.0   7.98 19.280000 115680.0       0.0  TWD   5850    631    10112  10112    751   150.0      0.0 20240131    1352   10112 A20240131018 20240131 13581560   FSPSPT  FSPSPT 20240131  135815      N               20240202      N      70.0             
ASOP24010459 S123581497  80273    ASO       C     S      1 20240131 20240201 20240202 20250703 20240307              0.0 20250713 101.5075    10.0      0.0     4.25   32.98   1.1832   1.5990 100000.0 138.500000 1385000.0   4.74 43.240000 432400.0       0.0  TWD   5850    631    10112  10112    751   100.0      0.0 20240131    1352   10112 A20240131019 20240131 13581561   FSPSPT  FSPSPT 20240131  135815      N               20240202      N      70.0             
ASOP24020084 S123581497  50097    ASO       C     S      1 20240205 20240206 20240207 20260722 20260722              0.0 20260731 101.5100     5.0      5.0     4.25   20.77   1.1595   1.5990 100000.0 105.000000  525000.0   9.19 14.190000  70950.0   70950.0  TWD   5850    631    10112  10112    751   150.0      0.0 20240205    1403   10112 A20240205033 20240205 14140911   FSPSPT  FSPSPT 20240205  141409      N               20240207      N      70.0             
ASOP24020259 S123581497  50097    ASO       C     S      1 20240220 20240221 20240222 20260722 20260722              0.0 20260731 101.5100     5.0      5.0     4.25   21.65   1.1815   1.5990 100000.0 106.200000  531000.0   9.01 15.210000  76050.0   76050.0  TWD   5850    631    10112  10112    751   150.0      0.0 20240220    1349   10112 A20240220031 20240220 14052637   FSPSPT  FSPSPT 20240220  140526      N               20240222      N      70.0             
ASOP24020487 S123581497  53887    ASO       C     S      1 20240227 20240229 20240301 20261126 20261126              0.0 20261206 100.0000     5.0      5.0     2.60   27.96   1.1722   1.5990 100000.0 115.000000  575000.0   7.35 22.350000 111750.0  111750.0  TWD   5850    631    10112  10112    751   150.0      0.0 20240227    1430   10112 A20240227046 20240227 14334766   FSPSPT  FSPSPT 20240227  143347      N               20240301      N      70.0             
ASOP24030028 S123581497  50097    ASO       C     S      1 20240301 20240304 20240305 20260722 20260722              0.0 20260731 101.5100    10.0     10.0     4.25   21.69   1.1760   1.5990 100000.0 108.050000 1080500.0   8.82 16.870000 168700.0  168700.0  TWD   5850    631    10112  10112    751   100.0      0.0 20240301    1405   10112 A20240301028 20240301 14194307   FSPSPT  FSPSPT 20240301  141943      N               20240305      N      70.0             
ASOP24030072 S123581497  50097    ASO       C     S      1 20240304 20240305 20240306 20260722 20260722              0.0 20260731 101.5100     5.0      5.0     4.25   22.33   1.1725   1.5990 100000.0 108.600000  543000.0   8.86 17.460000  87300.0   87300.0  TWD   5850    631    10112  10112    751   150.0      0.0 20240304    1429   10112 A20240304043 20240304 14364903   FSPSPT  FSPSPT 20240304  143649      N               20240306      N      70.0             
ASOP24030073 S123581497  53887    ASO       C     S      1 20240304 20240305 20240306 20261126 20261126              0.0 20261206 100.0000    25.0     25.0     2.60   28.12   1.1725   1.5990 100000.0 116.500000 2912500.0   7.27 23.770000 594250.0  594250.0  TWD   5850    631    10112  10112    751   100.0      0.0 20240304    1429   10112 A20240304044 20240304 14364903   FSPSPT  FSPSPT 20240304  143649      N               20240306      N      70.0             
ASOP24030205 S123581497  50097    ASO       C     S      1 20240307 20240308 20240311 20260722 20260722              0.0 20260731 101.5100    10.0     10.0     4.20   21.90   1.1747   1.5990 100000.0 108.300000 1083000.0   8.64 16.940000 169400.0  169400.0  TWD   5850    631    10112  10112    751   100.0      0.0 20240307    1400   10112 A20240307043 20240307 14140542   FSPSPT  FSPSPT 20240307  141405      N               20240311      N      70.0             
ASOP24030473 S123581497  35121    ASO       C     S      1 20240314 20240315 20240318 20240508 20240401              0.0 20240517 100.0000     5.0      0.0     2.10   19.46   1.1800   1.5990 100000.0 111.550000  557750.0   0.50 12.050000  60250.0       0.0  TWD   5850    631    10112  10112    751   150.0      0.0 20240314    1348   10112 A20240314029 20240314 14154420   FSPSPT  FSPSPT 20240314  141544      N               20240318      N      70.0             
ASOP24030474 S123581497  54573    ASO       C     S      1 20240314 20240315 20240318 20270304 20240508              0.0 20270306 100.0000     5.0      0.0     3.25   36.96   1.1800   1.5990 100000.0 107.900000  539500.0   9.80 17.700000  88500.0       0.0  TWD   5850    631    10112  10112    751   150.0      0.0 20240314    1348   10112 A20240314030 20240314 14154420   FSPSPT  FSPSPT 20240314  141544      N               20240318      N      70.0             
ASOP24030859 S123581497  84732    ASO       C     S      1 20240329 20240401 20240402 20240919 20240426              0.0 20240928 100.0000     5.0      0.0     4.00   44.79   1.3859   1.5990 100000.0 116.100000  580500.0   2.12 18.220000  91100.0       0.0  TWD   5850    631    10112  10112    751   150.0      0.0 20240329    1400   10112 A20240329029 20240329 14324926   FSPSPT  FSPSPT 20240329  143249      N               20240402      N      70.0             
ASOP24050822 S123581497  50097    ASO       C     S      1 20240523 20240524 20240527 20260722 20260722              0.0 20260731 101.5100     5.0      5.0     4.20   27.93   1.4668   1.5990 100000.0 113.500000  567500.0   7.80 21.300000 106500.0  106500.0  TWD   5850    631    10112  10112    751   150.0      0.0 20240523    1341   10112 A20240523045 20240523 14114951   FSPSPT  FSPSPT 20240523  141149      N               20240527      N      70.0             
ASOP24051006 S123581497  45401    ASO       C     S      1 20240528 20240529 20240530 20251015 20240902              0.0 20251024 100.0000    15.0      0.0     2.15   33.83   1.4669   1.5990 100000.0 109.650000 1644750.0   3.12 12.770000 191550.0       0.0  TWD   5850    631    10112  10112    751   100.0      0.0 20240528       E   10112 A20240528050 20240528 14090808   FSPSPT  FSPSPT 20240528  140908      N               20240530      N      70.0             
ASOP24051200 S123581497  30425    ASO       C     S      1 20240531 20240603 20240604 20240717 20240711              0.0 20240726 100.0000    13.0      0.0     2.60   34.17   1.4669   1.5990 100000.0 104.896154 1363650.0   0.48  5.376154  69890.0       0.0  TWD   5850    631    10112  10112    751   100.0      0.0 20240531       E   10112 A20240531068 20240531 14260787   FSPSPT  FSPSPT 20240531  142607      N               20240604      N      70.0             
ASOP24060559 S123581497  50097    ASO       C     S      1 20240614 20240617 20240618 20260722 20260722              0.0 20260731 101.5100     5.0      5.0     4.20   27.45   1.4530   1.5990 100000.0 112.800000  564000.0   7.51 20.310000 101550.0  101550.0  TWD   5850    631    10112  10112    751   110.0      0.0 20240614       E   10112 A20240614044 20240614 14055078   FSPSPT  FSPSPT 20240614  140550      N               20240618      N      70.0             
ASOP24060933 S123581497  53887    ASO       C     S      1 20240621 20240624 20240625 20261126 20250415              0.0 20261206 100.0000     1.0      0.0     2.70   27.16   1.4530   1.5990 100000.0 113.550000  113550.0   6.73 20.280000  20280.0       0.0  TWD   5850    631    10112  10112    751   110.0      0.0 20240621       E   10112 A20240621069 20240621 13573397   FSPSPT  FSPSPT 20240621  135733      N               20240625      N      70.0             
ASOP24060988 S123581497  45401    ASO       C     S      1 20240624 20240625 20240626 20251015 20240902              0.0 20251024 100.0000     5.0      0.0     2.15   35.16   1.4530   1.8000 100000.0 108.500000  542500.0   2.97 11.470000  57350.0       0.0  TWD   5850    631    10112  10112    751   110.0      0.0 20240624       E   10112 A20240624047 20240624 14184905   FSPSPT  FSPSPT 20240624  141849      N               20240626      N      70.0             
ASOP24070267 S123581497  53887    ASO       C     S      1 20240703 20240704 20240705 20261126 20250415              0.0 20261206 100.0000    10.0      7.0     2.70   27.46   1.4669   1.5990 100000.0 115.300000 1153000.0   6.65 21.950000 219500.0  153650.0  TWD   5850    631    10112  10112    751   100.0      0.0 20240703       E   10112 A20240703077 20240703 13572619   FSPSPT  FSPSPT 20240703  135726      N               20240705      N      70.0             
ASOP24070415 S123581497  45401    ASO       C     S      1 20240705 20240708 20240709 20251015 20240830              0.0 20251024 100.0000     7.0      0.0     2.15   33.75   1.4669   1.5990 100000.0 113.100000  791700.0   2.90 16.000000 112000.0       0.0  TWD   5850    631    10112  10112    751   110.0      0.0 20240705       E   10112 A20240705072 20240705 14031314   FSPSPT  FSPSPT 20240705  140313      N               20240709      N      70.0             
ASOP24070481 S123581497  30425    ASO       C     S      1 20240708 20240709 20240710 20240717 20240711              0.0 20240726 100.0000     2.0      0.0     2.55   24.06   1.4669   1.5990 100000.0 104.000000  208000.0   0.23  4.230000   8460.0       0.0  TWD   5850    631    10112  10112    751   110.0      0.0 20240708       E   10112 A20240708055 20240708 13593217   FSPSPT  FSPSPT 20240708  135932      N               20240710      N      70.0             
ASOP24070482 S123581497  45401    ASO       C     S      1 20240708 20240709 20240710 20251015 20240830              0.0 20251024 100.0000     3.0      0.0     2.15   35.52   1.4669   1.5990 100000.0 113.100000  339300.0   2.89 15.990000  47970.0       0.0  TWD   5850    631    10112  10112    751   110.0      0.0 20240708       E   10112 A20240708056 20240708 13593217   FSPSPT  FSPSPT 20240708  135932      N               20240710      N      70.0             
ASOP24070576 S123581497  45401    ASO       C     S      1 20240709 20240710 20240711 20251015 20240830              0.0 20251024 100.0000     1.0      0.0     2.15   35.68   1.4669   1.5990 100000.0 110.500000  110500.0   2.88 13.380000  13380.0       0.0  TWD   5850    631    10112  10112    751   110.0      0.0 20240709       E   10112 A20240709084 20240709 14083785   FSPSPT  FSPSPT 20240709  140837      N               20240711      N      70.0             
ASOP24071017 S123581497  53887    ASO       C     S      1 20240717 20240718 20240719 20261126 20261126              0.0 20261206 100.0000     3.0      3.0     2.70   27.60   1.4669   1.5990 100000.0 114.000000  342000.0   6.55 20.550000  61650.0   61650.0  TWD   5850    631    10112  10112    751   110.0      0.0 20240717       E   10112 A20240717077 20240717 13582172   FSPSPT  FSPSPT 20240717  135821      N               20240719      N      70.0             
ASOP24071418 S123581497  84672    ASO       C     S      1 20240723 20240724 20240726 20270527 20241022              0.0 20270530 100.0000     3.0      0.0     2.20   51.27   1.4669   1.5990 100000.0 136.433333  409300.0   6.38 42.813333 128440.0       0.0  TWD   5850    631    10112  10112    751   110.0      0.0 20240723       E   10112 A20240723062 20240723 13572815   FSPSPT  FSPSPT 20240723  135728      N               20240726      N      70.0             
ASOP24071419 S123581497  84881    ASO       C     S      1 20240723 20240724 20240726 20261217 20240812              0.0 20261219 100.0000     5.0      0.0     2.20   16.75   1.4669   1.5990 100000.0 108.100000  540500.0   5.40 13.500000  67500.0       0.0  TWD   5850    631    10112  10112    751   110.0      0.0 20240723       E   10112 A20240723063 20240723 13572815   FSPSPT  FSPSPT 20240723  135728      N               20240726      N      70.0             
ASOP24071673 S123581497  35832    ASO       C     S      1 20240731 20240801 20240802 20260610 20240812              0.0 20260619 100.0000     3.0      0.0     2.90   62.48   1.4669   1.5990 100000.0 132.900000  398700.0   5.57 38.470000 115410.0       0.0  TWD   5850    631    10112  10112    751   110.0      0.0 20240731       E   10112 A20240731041 20240731 13502975   FSPSPT  FSPSPT 20240731  135029      N               20240802      N      70.0             
ASOP24071674 S123581497  45801    ASO       C     S      1 20240731 20240801 20240802 20250417 20240809              0.0 20250426 100.0000     2.0      0.0     2.80   22.74   1.4669   1.5990 100000.0 119.000000  238000.0   2.17 21.170000  42340.0       0.0  TWD   5850    631    10112  10112    751   110.0      0.0 20240731       E   10112 A20240731042 20240731 13502976   FSPSPT  FSPSPT 20240731  135029      N               20240802      N      70.0             
ASOP24071675 S123581497  65151    ASO       C     S      1 20240731 20240801 20240802 20270527 20240826              0.0 20270531 100.0000     1.0      0.0     3.00   47.25   1.4669   1.5990 100000.0 130.000000  130000.0   8.60 38.600000  38600.0       0.0  TWD   5850    631    10112  10112    751   110.0      0.0 20240731       E   10112 A20240731043 20240731 13502977   FSPSPT  FSPSPT 20240731  135029      N               20240802      N      70.0             
ASOP24071676 S123581497  82101    ASO       C     S      1 20240731 20240801 20240802 20270115 20240816              0.0 20270119 100.0000     5.0      0.0     2.60   51.11   1.4669   1.5990 100000.0 123.000000  615000.0   6.53 29.530000 147650.0       0.0  TWD   5850    631    10112  10112    751   110.0      0.0 20240731       E   10112 A20240731044 20240731 13502977   FSPSPT  FSPSPT 20240731  135029      N               20240802      N      70.0             
ASOP24080082 S123581497  65151    ASO       C     S      1 20240801 20240802 20240805 20270527 20240904              0.0 20270531 100.0000     5.0      0.0     3.00   47.23   1.4669   1.5990 100000.0 133.000000  665000.0   8.58 41.580000 207900.0       0.0  TWD   5850    631    10112  10112    751   110.0      0.0 20240801       E   10112 A20240801082 20240801 14030358   FSPSPT  FSPSPT 20240801  140303      N               20240805      N      70.0             
ASOP24080533 S123581497  15601    ASO       C     S      1 20240807 20240808 20240809 20270615 20240813              0.0 20270624 100.0000     5.0      0.0     2.50   50.07   1.4669   1.5990 100000.0 123.500000  617500.0   7.29 30.790000 153950.0       0.0  TWD   5850    631    10112  10112    751   100.0      0.0 20240807       E   10112 A20240807066 20240807 13572952   FSPSPT  FSPSPT 20240807  135729      N               20240809      N      70.0             
ASOP24080534 S123581497  23682    ASO       C     S      1 20240807 20240808 20240809 20261126 20240816              0.0 20261205 100.0000     6.0      0.0     2.55   48.70   1.4669   1.5990 100000.0 118.000000  708000.0   6.03 24.030000 144180.0       0.0  TWD   5850    631    10112  10112    751   100.0      0.0 20240807       E   10112 A20240807067 20240807 13572952   FSPSPT  FSPSPT 20240807  135729      N               20240809      N      70.0             
ASOP24080535 S123581497  35831    ASO       C     S      1 20240807 20240808 20240809 20260528 20240902              0.0 20260607 100.0000     5.0      0.0     3.00   66.99   1.4669   1.5990 100000.0 126.000000  630000.0   5.59 31.590000 157950.0       0.0  TWD   5850    631    10112  10112    751   100.0      0.0 20240807       E   10112 A20240807068 20240807 13572952   FSPSPT  FSPSPT 20240807  135729      N               20240809      N      70.0             
ASOP24080536 S123581497  53887    ASO       C     S      1 20240807 20240808 20240809 20261126 20241025              0.0 20261206 100.0000     6.0      0.0     2.65   33.45   1.4669   1.5990 100000.0 106.525000  639150.0   6.27 12.795000  76770.0       0.0  TWD   5850    631    10112  10112    751   100.0      0.0 20240807       E   10112 A20240807069 20240807 13572952   FSPSPT  FSPSPT 20240807  135729      N               20240809      N      70.0             
ASOP24080537 S123581497  65151    ASO       C     S      1 20240807 20240808 20240809 20270527 20240812              0.0 20270531 100.0000     4.0      0.0     3.00   53.48   1.4669   1.5990 100000.0 125.400000  501600.0   8.53 33.930000 135720.0       0.0  TWD   5850    631    10112  10112    751   100.0      0.0 20240807       E   10112 A20240807070 20240807 13572952   FSPSPT  FSPSPT 20240807  135729      N               20240809      N      70.0             
ASOP24080665 S123581497  62696    ASO       C     S      1 20240809 20240812 20240813 20270722 20241017              0.0 20270802 100.0000     3.0      0.0     2.35   34.21   1.4669   1.5990 100000.0 107.300000  321900.0   7.09 14.390000  43170.0       0.0  TWD   5850    631    10112  10112    751   100.0      0.0 20240809       E   10112 A20240809061 20240809 14120628   FSPSPT  FSPSPT 20240809  141206      N               20240813      N      70.0             
ASOP24080729 S123581497  45401    ASO       C     S      1 20240812 20240813 20240814 20251015 20240816              0.0 20251024 100.0000    10.0      0.0     2.15   49.54   1.4669   1.5990 100000.0 123.500000 1235000.0   2.67 26.170000 261700.0       0.0  TWD   5850    631    10112  10112    751   100.0      0.0 20240812       E   10112 A20240812045 20240812 13554772   FSPSPT  FSPSPT 20240812  135547      N               20240814      N      70.0             
ASOP24080730 S123581497  99332    ASO       C     S      1 20240812 20240813 20240814 20270714 20241014              0.0 20270723 100.0000     5.0      0.0     2.30   28.88   1.4669   1.5990 100000.0 109.400000  547000.0   6.87 16.270000  81350.0       0.0  TWD   5850    631    10112  10112    751   100.0      0.0 20240812       E   10112 A20240812046 20240812 13554772   FSPSPT  FSPSPT 20240812  135547      N    V          20240814      N      70.0             
ASOP24080846 S123581497  65096    ASO       C     S      1 20240814 20240815 20240816 20260624 20240930              0.0 20260703 100.0000     5.0      0.0     3.00   28.81   1.4669   1.5990 100000.0 114.500000  572500.0   5.75 20.250000 101250.0       0.0  TWD   5850    631    10112  10112    751   100.0      0.0 20240814       E   10112 A20240814039 20240814 13512940   FSPSPT  FSPSPT 20240814  135129      N               20240816      N      70.0             
ASOP24080847 S123581497  84672    ASO       C     S      1 20240814 20240815 20240816 20270527 20241001              0.0 20270530 100.0000     1.0      0.0     2.20   66.04   1.4669   1.5990 100000.0 126.000000  126000.0   6.24 32.240000  32240.0       0.0  TWD   5850    631    10112  10112    751   100.0      0.0 20240814       E   10112 A20240814040 20240814 13512940   FSPSPT  FSPSPT 20240814  135129      N               20240816      N      70.0             
ASOP24080848 S123581497  99332    ASO       C     S      1 20240814 20240815 20240816 20270714 20241017              0.0 20270723 100.0000     5.0      0.0     2.30   28.67   1.4669   1.5990 100000.0 109.000000  545000.0   6.86 15.860000  79300.0       0.0  TWD   5850    631    10112  10112    751   100.0      0.0 20240814       E   10112 A20240814041 20240814 13512941   FSPSPT  FSPSPT 20240814  135129      N    V          20240816      N      70.0             
ASOP24080899 S123581497  31221    ASO       C     S      1 20240815 20240816 20240819 20240918 20240918              0.0 20240927 100.0000     5.0      0.0     2.10   61.03   1.4669   1.5990 100000.0 100.500000  502500.0   0.33  0.830000   4150.0       0.0  TWD   5850    631    10112  10112    751   100.0      0.0 20240815       E   10112 A20240815047 20240815 13492132   FSPSPT  FSPSPT 20240815  134921      N               20240819      N      70.0             
ASOP24080900 S123581497  84672    ASO       C     S      1 20240815 20240816 20240819 20270527 20241001              0.0 20270530 100.0000     1.0      0.0     2.20   66.58   1.4669   1.5990 100000.0 128.950000  128950.0   6.22 35.170000  35170.0       0.0  TWD   5850    631    10112  10112    751   100.0      0.0 20240815       E   10112 A20240815048 20240815 13492132   FSPSPT  FSPSPT 20240815  134921      N               20240819      N      70.0             
ASOP24080958 S123581497  33055    ASO       C     S      1 20240816 20240819 20240820 20251216 20241024              0.0 20251225 101.0025    10.0      0.0     3.85   48.31   1.4669   1.5990 100000.0 117.000000 1170000.0   4.30 21.300000 213000.0       0.0  TWD   5850    631    10112  10112    751   100.0      0.0 20240816       E   10112 A20240816054 20240816 14042389   FSPSPT  FSPSPT 20240816  140423      N               20240820      N      70.0             
ASOP24080959 S123581497  62696    ASO       C     S      1 20240816 20240819 20240820 20270722 20241017              0.0 20270802 100.0000     2.0      0.0     2.35   38.44   1.4669   1.5990 100000.0 106.500000  213000.0   7.04 13.540000  27080.0       0.0  TWD   5850    631    10112  10112    751   100.0      0.0 20240816       E   10112 A20240816055 20240816 14042390   FSPSPT  FSPSPT 20240816  140423      N               20240820      N      70.0             
ASOP24081142 S123581497  62696    ASO       C     S      1 20240821 20240822 20240823 20270722 20241017              0.0 20270802 100.0000     5.0      0.0     2.35   38.43   1.4669   1.5990 100000.0 107.700000  538500.0   7.02 14.720000  73600.0       0.0  TWD   5850    631    10112  10112    751   100.0      0.0 20240821       E   10112 A20240821046 20240821 14065943   FSPSPT  FSPSPT 20240821  140659      N               20240823      N      70.0             
ASOP24081423 S123581497  15364    ASO       C     S      1 20240828 20240829 20240830 20260803 20250421              0.0 20260812 100.0000    15.0     10.0     3.70   56.19   1.4669   1.5990 100000.0 114.100000 1711500.0   7.33 21.430000 321450.0  214300.0  TWD   5850    631    10112  10112    751   100.0      0.0 20240828       E   10112 A20240828052 20240828 14010142   FSPSPT  FSPSPT 20240828  140101      N               20240830      N      70.0             
ASOP24081424 S123581497  50097    ASO       C     S      1 20240828 20240829 20240830 20260722 20260722              0.0 20260731 101.5100     5.0      5.0     4.10   29.96   1.4669   1.5990 100000.0 109.000000  545000.0   6.46 15.460000  77300.0   77300.0  TWD   5850    631    10112  10112    751   100.0      0.0 20240828       E   10112 A20240828053 20240828 14010142   FSPSPT  FSPSPT 20240828  140101      N               20240830      N      70.0             
ASOP24081425 S123581497  99332    ASO       C     S      1 20240828 20240829 20240830 20270714 20241017              0.0 20270723 100.0000     9.0      0.0     2.30   29.21   1.4669   1.5990 100000.0 109.900000  989100.0   6.77 16.670000 150030.0       0.0  TWD   5850    631    10112  10112    751   100.0      0.0 20240828       E   10112 A20240828054 20240828 14010142   FSPSPT  FSPSPT 20240828  140101      N               20240830      N      70.0             
ASOP24081488 S123581497  15364    ASO       C     S      1 20240829 20240830 20240902 20260803 20260803              0.0 20260812 100.0000     5.0      5.0     3.70   56.19   1.4669   1.5990 100000.0 113.500000  567500.0   7.30 20.800000 104000.0  104000.0  TWD   5850    631    10112  10112    751   100.0      0.0 20240829       E   10112 A20240829049 20240829 13484416   FSPSPT  FSPSPT 20240829  134844      N               20240902      N      70.0             
ASOP24081572 S123581497  20343    ASO       C     S      1 20240830 20240902 20240903 20251211 20240924              0.0 20251215 100.0000     1.0      0.0     2.60   14.79   1.4669   1.5990 100000.0 110.000000  110000.0   3.44 13.440000  13440.0       0.0  TWD   5850    631    10112  10112    751   100.0      0.0 20240830       E   10112 A20240830072 20240830 13572483   FSPSPT  FSPSPT 20240830  135724      N               20240903      N      70.0             
ASOP24081573 S123581497  33763    ASO       C     S      1 20240830 20240902 20240903 20270812 20240902              0.0 20270823 101.5100     2.0      0.0     2.35   67.14   1.4669   1.5990 100000.0 133.650000  267300.0   5.58 39.230000  78460.0       0.0  TWD   5850    631    10112  10112    751   100.0      0.0 20240830       E   10112 A20240830073 20240830 13572484   FSPSPT  FSPSPT 20240830  135724      N               20240903      N      70.0             
ASOP24090096 S123581497  15364    ASO       C     S      1 20240903 20240904 20240905 20260803 20260803              0.0 20260812 100.0000     5.0      5.0     3.70   56.26   1.4669   1.5990 100000.0 115.200000  576000.0   7.27 22.470000 112350.0  112350.0  TWD   5850    631    10112  10112    751   100.0      0.0 20240903       E   10112 A20240903054 20240903 14015219   FSPSPT  FSPSPT 20240903  140152      N               20240905      N      70.0             
ASOP24090097 S123581497  99332    ASO       C     S      1 20240903 20240904 20240905 20270714 20241101              0.0 20270723 100.0000     6.0      0.0     2.30   29.69   1.4669   1.5990 100000.0 111.050000  666300.0   6.73 17.780000 106680.0       0.0  TWD   5850    631    10112  10112    751   100.0      0.0 20240903       E   10112 A20240903055 20240903 14015219   FSPSPT  FSPSPT 20240903  140152      N               20240905      N      70.0             
ASOP24090677 S123581497  62696    ASO       C     S      1 20240916 20240918 20240919 20270722 20241114              0.0 20270802 100.0000     5.0      0.0     2.35   37.84   1.4669   1.5990 100000.0 106.550000  532750.0   6.85 13.400000  67000.0       0.0  TWD   5850    631    10112  10112    751   100.0      0.0 20240916       E   10112 A20240916054 20240916 13510927   FSPSPT  FSPSPT 20240916  135109      N               20240919      N      70.0             
ASOP24090815 S123581497  23682    ASO       C     S      1 20240920 20240923 20240924 20261126 20241114              0.0 20261205 100.0000     2.0      0.0     2.55   53.81   1.4669   1.5990 100000.0 117.500000  235000.0   5.71 23.210000  46420.0       0.0  TWD   5850    631    10112  10112    751   100.0      0.0 20240920       E   10112 A20240920037 20240920 13562128   FSPSPT  FSPSPT 20240920  135621      N               20240924      N      70.0             
ASOP24090867 S123581497  23682    ASO       C     S      1 20240923 20240924 20240925 20261126 20241114              0.0 20261205 100.0000     1.0      0.0     2.55   53.81   1.4669   1.5990 100000.0 117.100000  117100.0   5.70 22.800000  22800.0       0.0  TWD   5850    631    10112  10112    751   100.0      0.0 20240923       E   10112 A20240923049 20240923 14011614   FSPSPT  FSPSPT 20240923  140116      N               20240925      N      70.0             
ASOP24090991 S123581497  30337    ASO       C     S      1 20240925 20240926 20240927 20270902 20250407              0.0 20270911 100.0000     5.0      0.0     3.50   36.66   1.4669   1.5990 100000.0 108.700000  543500.0  10.46 19.160000  95800.0       0.0  TWD   5850    631    10112  10112    751   100.0      0.0 20240925       E   10112 A20240925057 20240925 14151867   FSPSPT  FSPSPT 20240925  141518      N               20240927      N      70.0             
ASOP24100031 S123581497  17813    ASO       C     S      1 20241001 20241002 20241004 20270915 20250218              0.0 20270924 100.0000    13.0      0.0     2.25   49.65   1.4669   1.5990 100000.0 113.665385 1477650.0   6.80 20.465385 266050.0       0.0  TWD   5850    631    10112  10112    751   100.0      0.0 20241001       E   10112 A20241001031 20241001 14173269   FSPSPT  FSPSPT 20241001  141732      N               20241004      N      70.0             
ASOP24100523 S123581497  25483    ASO       C     S      1 20241014 20241015 20241016 20270923 20270923              0.0 20271002 100.0000     5.0      5.0     2.75   42.66   1.4669   1.5990 100000.0 102.800000  514000.0   8.25 11.050000  55250.0   55250.0  TWD   5850    631    10112  10112    751   100.0      0.0 20241014       E   10112 A20241014100 20241014 15392441   FSPSPT  FSPSPT 20241014  153924      N               20241016      N      70.0             
ASOP24100790 S123581497  84672    ASO       C     S      1 20241018 20241021 20241022 20270527 20241022              0.0 20270530 100.0000     1.0      0.0     2.20   68.98   1.4669   1.5990 100000.0 127.100000  127100.0   5.83 32.930000  32930.0       0.0  TWD   5850    631    10112  10112    751   100.0      0.0 20241018       E   10112 A20241018058 20241018 14152351   FSPSPT  FSPSPT 20241018  141523      N               20241022      N      70.0             
ASOP24100930 S123581497  25483    ASO       C     S      1 20241022 20241023 20241024 20270923 20250226              0.0 20271002 100.0000    15.0     10.0     2.85   39.41   1.4669   1.5990 100000.0 103.150000 1547250.0   8.49 11.640000 174600.0  116400.0  TWD   5850    631    10112  10112    751   100.0      0.0 20241022       E   10112 A20241022085 20241022 13594537   FSPSPT  FSPSPT 20241022  135945      N               20241024      N      70.0             
ASOP24100931 S123581497  61973    ASO       C     S      1 20241022 20241023 20241024 20271006 20241025              0.0 20271015 100.0000     2.0      0.0     2.80   57.97   1.4669   1.5990 100000.0 117.000000  234000.0   8.44 25.440000  50880.0       0.0  TWD   5850    631    10112  10112    751   100.0      0.0 20241022       E   10112 A20241022086 20241022 13594537   FSPSPT  FSPSPT 20241022  135945      N               20241024      N      70.0             
ASOP24101004 S123581497  61973    ASO       C     S      1 20241023 20241024 20241025 20271006 20241104              0.0 20271015 100.0000     5.0      0.0     2.80   61.12   1.4669   1.5990 100000.0 125.790000  628950.0   8.43 34.220000 171100.0       0.0  TWD   5850    631    10112  10112    751   100.0      0.0 20241023       E   10112 A20241023066 20241023 14024778   FSPSPT  FSPSPT 20241023  140247      N               20241025      N      70.0             
ASOP24101053 S123581497  61973    ASO       C     S      1 20241024 20241025 20241028 20271006 20241025              0.0 20271015 100.0000     3.0      0.0     2.80   61.96   1.4669   1.5990 100000.0 126.050000  378150.0   8.41 34.460000 103380.0       0.0  TWD   5850    631    10112  10112    751   100.0      0.0 20241024       E   10112 A20241024048 20241024 14133085   FSPSPT  FSPSPT 20241024  141330      N               20241028      N      70.0             
ASOP24101112 S123581497  21043    ASO       C     S      1 20241025 20241028 20241029 20261001 20241114              0.0 20261013 100.9000    10.0      0.0     2.55   24.87   1.4669   1.5990 100000.0 100.750000 1007500.0   4.20  4.950000  49500.0       0.0  TWD   5850    631    10112  10112    751   100.0      0.0 20241025       E   10112 A20241025056 20241025 13545084   FSPSPT  FSPSPT 20241025  135450      N               20241029      N      70.0             
ASOP24101170 S123581497  61973    ASO       C     S      1 20241028 20241029 20241030 20271006 20241114              0.0 20271015 100.0000     2.0      0.0     2.80   61.98   1.4669   1.5990 100000.0 124.800000  249600.0   8.39 33.190000  66380.0       0.0  TWD   5850    631    10112  10112    751   100.0      0.0 20241028       E   10112 A20241028050 20241028 14035866   FSPSPT  FSPSPT 20241028  140358      N               20241030      N      70.0             
ASOP24101243 S123581497  30134    ASO       C     S      1 20241029 20241030 20241101 20271007 20241220              0.0 20271018 100.0000     1.0      0.0     2.30   75.54   1.4669   1.5990 100000.0 130.000000  130000.0   6.92 36.920000  36920.0       0.0  TWD   5850    631    10112  10112    751   100.0      0.0 20241029       E   10112 A20241029065 20241029 14112245   FSPSPT  FSPSPT 20241029  141122      N               20241101      N      70.0             
ASOP24101244 S123581497  61973    ASO       C     S      1 20241029 20241030 20241101 20271006 20241114              0.0 20271015 100.0000     2.0      0.0     2.80   61.93   1.4669   1.5990 100000.0 121.700000  243400.0   8.38 30.080000  60160.0       0.0  TWD   5850    631    10112  10112    751   100.0      0.0 20241029       E   10112 A20241029066 20241029 14112245   FSPSPT  FSPSPT 20241029  141122      N               20241101      N      70.0             
ASOP24110892 S123581497  65096    ASO       C     S      1 20241129 20241202 20241203 20260624 20250221              0.0 20260703 100.0000     5.0      0.0     2.90   20.27   1.4669   1.5990 100000.0 112.150000  560750.0   4.69 16.840000  84200.0       0.0  TWD   5850    631    10112  10112    751   100.0      0.0 20241129       E   10112 A20241129025 20241129 14073705   FSPSPT  FSPSPT 20241129  140737      N               20241203      N      70.0             
ASOP24120214 S123581497 811210    ASO       C     S      1 20241209 20241210 20241211 20270513 20270513              0.0 20270524 100.0000     5.0      5.0     3.55   23.47   1.4804   1.9130 100000.0 102.300000  511500.0   8.80 11.100000  55500.0   55500.0  TWD   5850    631    10112  10112    751   100.0      0.0 20241209       E   10112 A20241209037 20241209 13542610   FSPSPT  FSPSPT 20241209  135426      N               20241211      N      70.0             
ASOP24120251 S123581497 811210    ASO       C     S      1 20241210 20241211 20241212 20270513 20270513              0.0 20270524 100.0000     5.0      5.0     3.55   23.42   1.4804   1.9130 100000.0 100.830000  504150.0   8.80  9.630000  48150.0   48150.0  TWD   5850    631    10112  10112    751   100.0      0.0 20241210       E   10112 A20241210033 20241210 13495422   FSPSPT  FSPSPT 20241210  134954      N               20241212      N      70.0             
ASOP24120294 S123581497  30061    ASO       C     S      1 20241211 20241212 20241213 20261016 20250221              0.0 20261027 100.0000    10.0      9.0     3.60   29.81   1.4804   1.9130 100000.0  98.825000  988250.0   6.85  5.675000  56750.0   51075.0  TWD   5850    631    10112  10112    751   100.0      0.0 20241211       E   10112 A20241211042 20241211 14193171   FSPSPT  FSPSPT 20241211  141931      N               20241213      N      70.0             
ASOP25010034 S123581497  11011    ASO       C     S      1 20250103 20250106 20250107 20271201 20271201              0.0 20271210 100.0000     5.0      5.0     2.65   13.84   1.4804   1.9130 100000.0  99.000000  495000.0   7.85  6.850000  34250.0   34250.0  TWD   5850    631    10112  10112    751   100.0      0.0 20250103       E   10112 A20250103016 20250103 13524384   FSPSPT  FSPSPT 20250103  135243      N               20250107      N      70.0             
ASOP25010083 S123581497  11011    ASO       C     S      1 20250106 20250107 20250108 20271201 20271201              0.0 20271210 100.0000     5.0      5.0     2.65   13.14   1.4804   1.9130 100000.0  99.200000  496000.0   7.85  7.050000  35250.0   35250.0  TWD   5850    631    10112  10112    751   100.0      0.0 20250106       E   10112 A20250106047 20250106 13523826   FSPSPT  FSPSPT 20250106  135238      N               20250108      N      70.0             
ASOP25020258 S123581497  11011    ASO       C     S      1 20250211 20250212 20250213 20271201 20271201              0.0 20271210 100.0000    10.0     10.0     2.70   14.45   1.4804   1.9130 100000.0  99.500000  995000.0   7.73  7.230000  72300.0   72300.0  TWD   5850    631    10112  10112    751   100.0      0.0 20250211       E   10112 A20250211032 20250211 14060828   FSPSPT  FSPSPT 20250211  140608      N               20250213      N      70.0             
ASOP25020259 S123581497  20121    ASO       C     S      1 20250211 20250212 20250213 20250314 20250314              0.0 20250325 100.0000    30.0      0.0     2.15   24.72   1.4804   1.9130 100000.0  99.966667 2999000.0   0.34  0.306667   9200.0       0.0  TWD   5850    631    10112  10112    751   100.0      0.0 20250211       E   10112 A20250211033 20250211 14060829   FSPSPT  FSPSPT 20250211  140608      N               20250213      N      70.0             
ASOP25020332 S123581497  20344    ASO       C     S      1 20250213 20250214 20250217 20270923 20250221              0.0 20271002 100.0000     3.0      0.0     3.00   27.23   1.4804   1.9130 100000.0 110.950000  332850.0   7.97 18.920000  56760.0       0.0  TWD   5850    631    10112  10112    751   100.0      0.0 20250213       E   10112 A20250213039 20250213 14155408   FSPSPT  FSPSPT 20250213  141554      N               20250217      N      70.0             
ASOP25020443 S123581497  37023    ASO       C     S      1 20250217 20250218 20250219 20271111 20250710              0.0 20271121 100.0000     5.0      0.0     2.60   25.86   1.4804   1.9130 100000.0 102.900000  514500.0   7.27 10.170000  50850.0       0.0  TWD   5850    631    10112  10112    751   100.0      0.0 20250217       E   10112 A20250217051 20250217 13572113   FSPSPT  FSPSPT 20250217  135721      N               20250219      N      70.0             
ASOP25020486 S123581497  11011    ASO       C     S      1 20250218 20250219 20250220 20271201 20271201              0.0 20271210 100.0000     4.0      4.0     2.75   17.56   1.4804   1.9130 100000.0 105.100000  420400.0   7.82 12.920000  51680.0   51680.0  TWD   5850    631    10112  10112    751   100.0      0.0 20250218       E   10112 A20250218036 20250218 13555046   FSPSPT  FSPSPT 20250218  135550      N               20250220      N      70.0             
ASOP25020487 S123581497  37023    ASO       C     S      1 20250218 20250219 20250220 20271111 20250818              0.0 20271121 100.0000     5.0      0.0     2.60   25.83   1.4804   1.9130 100000.0 102.740000  513700.0   7.26 10.000000  50000.0       0.0  TWD   5850    631    10112  10112    751   100.0      0.0 20250218       E   10112 A20250218037 20250218 13555046   FSPSPT  FSPSPT 20250218  135550      N               20250220      N      70.0             
ASOP25020666 S123581497  37023    ASO       C     S      1 20250221 20250224 20250225 20271111 20250827              0.0 20271121 100.0000    10.0      5.0     2.60   23.86   1.4804   1.9130 100000.0 104.300000 1043000.0   7.22 11.520000 115200.0   57600.0  TWD   5850    631    10112  10112    751   100.0      0.0 20250221       E   10112 A20250221070 20250221 14024202   FSPSPT  FSPSPT 20250221  140242      N               20250225      N      70.0             
ASOP25020827 S123581497  11011    ASO       C     S      1 20250226 20250227 20250303 20271201 20271201              0.0 20271210 100.0000     5.0      5.0     2.75   19.16   1.4804   1.9130 100000.0 107.900000  539500.0   7.73 15.630000  78150.0   78150.0  TWD   5850    631    10112  10112    751   100.0      0.0 20250226       E   10112 A20250226037 20250226 13560951   FSPSPT  FSPSPT 20250226  135609      N               20250303      N      70.0             
ASOP25020828 S123581497  37023    ASO       C     S      1 20250226 20250227 20250303 20271111 20250422              0.0 20271121 100.0000     5.0      0.0     2.70   24.18   1.4804   1.9130 100000.0 104.500000  522500.0   7.45 11.950000  59750.0       0.0  TWD   5850    631    10112  10112    751   100.0      0.0 20250226       E   10112 A20250226038 20250226 13560951   FSPSPT  FSPSPT 20250226  135609      N               20250303      N      70.0             
ASOP25020889 S123581497  11011    ASO       C     S      1 20250227 20250303 20250304 20271201 20271201              0.0 20271210 100.0000     5.0      5.0     2.75   18.64   1.4804   1.9130 100000.0 107.600000  538000.0   7.72 15.320000  76600.0   76600.0  TWD   5850    631    10112  10112    751   100.0      0.0 20250227       E   10112 A20250227059 20250227 14084236   FSPSPT  FSPSPT 20250227  140842      N               20250304      N      70.0             
ASOP25030264 S123581497  11011    ASO       C     S      1 20250306 20250307 20250310 20271201 20271201              0.0 20271210 100.0000     6.0      6.0     2.75   18.92   1.4804   1.9130 100000.0 106.950000  641700.0   7.68 14.630000  87780.0   87780.0  TWD   5850    631    10112  10112    751   100.0      0.0 20250306       E   10112 A20250306052 20250306 14104434   FSPSPT  FSPSPT 20250306  141044      N               20250310      N      70.0             
ASOP25060136 S123581497  36534    ASO       C     S      1 20250610 20250611 20250612 20280525 20250613              0.0 20280603 100.0000     2.0      0.0     2.40   70.66   1.4804   1.8811 100000.0 114.250000  228500.0   7.25 21.500000  43000.0       0.0  TWD   5850    631    10112  10112    751   100.0      0.0 20250610       E   10112 A20250610037 20250610 14303145   FSPSPT  FSPSPT 20250610  143031      N               20250612      N      70.0             
ASOP25060196 S123581497  98026    ASO       C     S      1 20250612 20250613 20250616 20261105 20250715              0.0 20261115 101.0025     1.0      0.0     3.50   65.75   1.4804   1.8811 100000.0 115.200000  115200.0   4.06 19.260000  19260.0       0.0  TWD   5850    631    10112  10112    751   100.0      0.0 20250612       E   10112 A20250612025 20250612 14105707   FSPSPT  FSPSPT 20250612  141057      N               20250616      N      70.0             
ASOP25060219 S123581497  98026    ASO       C     S      1 20250613 20250616 20250617 20261105 20250715              0.0 20261115 101.0025     2.0      0.0     3.50   65.45   1.4804   1.8811 100000.0 115.425000  230850.0   4.06 19.485000  38970.0       0.0  TWD   5850    631    10112  10112    751   100.0      0.0 20250613       E   10112 A20250613019 20250613 14123184   FSPSPT  FSPSPT 20250613  141231      N               20250617      N      70.0             
ASOP25060384 S123581497  36173    ASO       C     S      1 20250623 20250624 20250625 20280607 20250708              0.0 20280616 100.0000     5.0      0.0     2.70   55.71   1.4804   1.8811 100000.0 102.800000  514000.0   8.15 10.950000  54750.0       0.0  TWD   5850    631    10112  10112    751   100.0      0.0 20250623       E   10112 A20250623027 20250623 14241446   FSPSPT  FSPSPT 20250623  142414      N               20250625      N      70.0             
ASOP25060426 S123581497  23511    ASO       C     S      1 20250624 20250625 20250626 20280608 20250708              0.0 20280617 100.0000     5.0      0.0     3.25   63.22   1.4804   1.8811 100000.0 107.000000  535000.0   9.79 16.790000  83950.0       0.0  TWD   5850    631    10112  10112    751   100.0      0.0 20250624    1346   10112 A20250624040 20250624 14150424   FSPSPT  FSPSPT 20250624  141504      N               20250626      N      70.0             
ASOP25060427 S123581497  68732    ASO       C     S      1 20250624 20250625 20250626 20280518 20280518              0.0 20280529 101.5075     5.0      5.0     4.25   39.70   1.4804   1.8811 100000.0 108.150000  540750.0  11.04 19.190000  95950.0   95950.0  TWD   5850    631    10112  10112    751   100.0      0.0 20250624    1346   10112 A20250624041 20250624 14150424   FSPSPT  FSPSPT 20250624  141504      N               20250626      N      70.0             
ASOP25060502 S123581497  36173    ASO       C     S      1 20250627 20250630 20250701 20280607 20250708              0.0 20280616 100.0000     3.0      0.0     2.70   56.16   1.4804   1.8811 100000.0 107.250000  321750.0   8.10 15.350000  46050.0       0.0  TWD   5850    631    10112  10112    751   100.0      0.0 20250627       E   10112 A20250627026 20250627 13590647   FSPSPT  FSPSPT 20250627  135906      N               20250701      N      70.0             
ASOP25070116 S123581497  68732    ASO       C     S      1 20250704 20250707 20250708 20280518 20280518              0.0 20280529 101.5075     5.0      5.0     4.25   37.43   1.4804   1.8811 100000.0 107.100000  535500.0  10.90 18.000000  90000.0   90000.0  TWD   5850    631    10112  10112    751   100.0      0.0 20250704       E   10112 A20250704022 20250704 14085590   FSPSPT  FSPSPT 20250704  140855      N               20250708      N      70.0             
ASOP25070240 S123581497  22471    ASO       C     S      1 20250710 20250711 20250714 20280615 20250827              0.0 20280626 100.0000    10.0      0.0     2.70   27.85   1.4804   1.8811 100000.0 107.975000 1079750.0   8.08 16.055000 160550.0       0.0  TWD   5850    631    10112  10112    751   100.0      0.0 20250710       E   10112 A20250710031 20250710 14162650   FSPSPT  FSPSPT 20250710  141626      N               20250714      N      70.0             
ASOP25070241 S123581497  22472    ASO       C     S      1 20250710 20250711 20250714 20280621 20250717              0.0 20280630 100.0000     5.0      0.0     2.70   27.85   1.4804   1.8811 100000.0 109.200000  546000.0   8.11 17.310000  86550.0       0.0  TWD   5850    631    10112  10112    751   100.0      0.0 20250710       E   10112 A20250710032 20250710 14162650   FSPSPT  FSPSPT 20250710  141626      N               20250714      N      70.0             
ASOP25070328 S123581497  23511    ASO       C     S      1 20250715 20250716 20250717 20280608 20250717              0.0 20280617 100.0000     2.0      0.0     3.25   40.91   1.4804   1.8811 100000.0 111.300000  222600.0   9.60 20.900000  41800.0       0.0  TWD   5850    631    10112  10112    751   100.0      0.0 20250715       E   10112 A20250715023 20250715 13554289   FSPSPT  FSPSPT 20250715  135542      N               20250717      N      70.0             
ASOP25070353 S123581497  68732    ASO       C     S      1 20250716 20250717 20250718 20280518 20280518              0.0 20280529 101.5075     5.0      5.0     4.50   29.12   1.4804   1.8811 100000.0 105.000000  525000.0  11.50 16.500000  82500.0   82500.0  TWD   5850    631    10112  10112    751   100.0      0.0 20250716       E   10112 A20250716024 20250716 14533235   FSPSPT  FSPSPT 20250716  145332      N               20250718      N      70.0             
ASOP25070425 S123581497  68732    ASO       C     S      1 20250721 20250722 20250723 20280518 20280518              0.0 20280529 101.5075     5.0      5.0     4.50   32.77   1.4804   1.8811 100000.0 104.170000  520850.0  11.44 15.610000  78050.0   78050.0  TWD   5850    631    10112  10112    751   100.0      0.0 20250721       E   10112 A20250721019 20250721 14015251   FSPSPT  FSPSPT 20250721  140152      N               20250723      N      70.0             
ASOP25070459 S123581497  84672    ASO       C     S      1 20250722 20250723 20250724 20270520 20270520              0.0 20270530 100.0000     5.0      5.0     2.30   44.34   1.4804   1.8811 100000.0 107.500000  537500.0   4.36 11.860000  59300.0   59300.0  TWD   5850    631    10112  10112    751   100.0      0.0 20250722       E   10112 A20250722031 20250722 14290729   FSPSPT  FSPSPT 20250722  142907      N               20250724      N      70.0             
ASOP25070525 S123581497  22471    ASO       C     S      1 20250725 20250728 20250729 20280615 20250829              0.0 20280626 100.0000     2.0      0.0     2.70   23.55   1.4804   1.8811 100000.0 114.650000  229300.0   7.97 22.620000  45240.0       0.0  TWD   5850    631    10112  10112    751   100.0      0.0 20250725       E   10112 A20250725019 20250725 14050533   FSPSPT  FSPSPT 20250725  140505      N               20250729      N      70.0             
ASOP25070644 S123581497  35267    ASO       C     S      1 20250731 20250801 20250804 20280713 20280713              0.0 20280724 100.0000     5.0      5.0     3.00   27.42   1.4804   1.8811 100000.0 108.250000  541250.0   9.03 17.280000  86400.0   86400.0  TWD   5850    631    10112  10112    751   100.0      0.0 20250731       E   10112 A20250731046 20250731 14325846   FSPSPT  FSPSPT 20250731  143258      N               20250804      N      70.0             
ASOP25080023 S123581497  35267    ASO       C     S      1 20250801 20250804 20250805 20280713 20280713              0.0 20280724 100.0000     5.0      5.0     3.00   27.43   1.4804   1.8811 100000.0 108.250000  541250.0   9.02 17.270000  86350.0   86350.0  TWD   5850    631    10112  10112    751   100.0      0.0 20250801       E   10112 A20250801023 20250801 14110136   FSPSPT  FSPSPT 20250801  141101      N               20250805      N      70.0             
ASOP25080207 S123581497  22471    ASO       C     S      1 20250807 20250808 20250811 20280615 20250827              0.0 20280626 100.0000     1.0      0.0     2.70   25.73   1.4804   1.8811 100000.0 108.150000  108150.0   7.87 16.020000  16020.0       0.0  TWD   5850    631    10112  10112    751   100.0      0.0 20250807       E   10112 A20250807028 20250807 14075602   FSPSPT  FSPSPT 20250807  140756      N               20250811      N      70.0             
ASOP25080256 S123581497  22471    ASO       C     S      1 20250808 20250811 20250812 20280615 20250829              0.0 20280626 100.0000     1.0      0.0     2.70   25.86   1.4804   1.8811 100000.0 107.500000  107500.0   7.87 15.370000  15370.0       0.0  TWD   5850    631    10112  10112    751   100.0      0.0 20250808       E   10112 A20250808042 20250808 14203376   FSPSPT  FSPSPT 20250808  142033      N               20250812      N      70.0             
ASOP25080293 S123581497  22471    ASO       C     S      1 20250811 20250812 20250813 20280615 20250901              0.0 20280626 100.0000     1.0      0.0     2.70   26.01   1.4804   1.8811 100000.0 106.900000  106900.0   7.86 14.760000  14760.0       0.0  TWD   5850    631    10112  10112    751   100.0      0.0 20250811       E   10112 A20250811030 20250811 14231295   FSPSPT  FSPSPT 20250811  142312      N               20250813      N      70.0             
ASOP25080451 S123581497  22471    ASO       C     S      1 20250814 20250815 20250818 20280615 20250901              0.0 20280626 100.0000     2.0      0.0     2.70   26.07   1.4804   1.8811 100000.0 108.200000  216400.0   7.82 16.020000  32040.0       0.0  TWD   5850    631    10112  10112    751   100.0      0.0 20250814       E   10112 A20250814040 20250814 14055576   FSPSPT  FSPSPT 20250814  140555      N               20250818      N      70.0             
ASOP25080452 S123581497  33881    ASO       C     S      1 20250814 20250815 20250818 20251030 20251030              0.0 20251109 100.0000     1.0      1.0     2.95    9.46   1.4804   1.8811 100000.0 103.100000  103100.0   0.78  3.880000   3880.0    3880.0  TWD   5850    631    10112  10112    751   100.0      0.0 20250814       E   10112 A20250814041 20250814 14055576   FSPSPT  FSPSPT 20250814  140555      N               20250818      N      70.0             
ASOP25080492 S123581497  33881    ASO       C     S      1 20250815 20250818 20250819 20251030 20251030              0.0 20251109 100.0000     3.0      3.0     2.95    9.36   1.4804   1.8811 100000.0 102.950000  308850.0   0.77  3.720000  11160.0   11160.0  TWD   5850    631    10112  10112    751   100.0      0.0 20250815       E   10112 A20250815039 20250815 14163369   FSPSPT  FSPSPT 20250815  141633      N               20250819      N      70.0             
ASOP25080519 S123581497  67681    ASO       C     S      1 20250818 20250819 20250820 20271020 20271020              0.0 20271031 100.0000     1.0      1.0     3.60   39.27   1.4804   1.8811 100000.0 122.500000  122500.0   8.02 30.520000  30520.0   30520.0  TWD   5850    631    10112  10112    751   100.0      0.0 20250818       E   10112 A20250818025 20250818 14083367   FSPSPT  FSPSPT 20250818  140833      N               20250820      N      70.0             
ASOP25080557 S123581497  22471    ASO       C     S      1 20250819 20250820 20250821 20280615 20250827              0.0 20280626 100.0000     1.0      0.0     2.70   26.07   1.4804   1.8811 100000.0 106.600000  106600.0   7.80 14.400000  14400.0       0.0  TWD   5850    631    10112  10112    751   100.0      0.0 20250819       E   10112 A20250819036 20250819 14093439   FSPSPT  FSPSPT 20250819  140934      N               20250821      N      70.0             
ASOP25080558 S123581497  33881    ASO       C     S      1 20250819 20250820 20250821 20251030 20251030              0.0 20251109 100.0000     1.0      1.0     2.95   10.06   1.4804   1.8811 100000.0 103.100000  103100.0   0.75  3.850000   3850.0    3850.0  TWD   5850    631    10112  10112    751   100.0      0.0 20250819       E   10112 A20250819037 20250819 14093439   FSPSPT  FSPSPT 20250819  140934      N               20250821      N      70.0             
ASOP25080559 S123581497  67681    ASO       C     S      1 20250819 20250820 20250821 20271020 20271020              0.0 20271031 100.0000     2.0      2.0     3.60   39.48   1.4804   1.8811 100000.0 120.800000  241600.0   8.01 28.810000  57620.0   57620.0  TWD   5850    631    10112  10112    751   100.0      0.0 20250819       E   10112 A20250819038 20250819 14093440   FSPSPT  FSPSPT 20250819  140934      N               20250821      N      70.0             
ASOP25080560 S123581497  84222    ASO       C     S      1 20250819 20250820 20250821 20280329 20280329              0.0 20280407 100.0000     5.0      5.0     3.25   12.19   1.4804   1.8811 100000.0 112.680000  563400.0   8.66 21.340000 106700.0  106700.0  TWD   5850    631    10112  10112    751   100.0      0.0 20250819       E   10112 A20250819039 20250819 14093442   FSPSPT  FSPSPT 20250819  140934      N               20250821      N      70.0             
ASOP25080647 S123581497  84222    ASO       C     S      1 20250822 20250825 20250826 20280329 20280329              0.0 20280407 100.0000     5.0      5.0     3.25   12.31   1.4804   1.8811 100000.0 114.200000  571000.0   8.61 22.810000 114050.0  114050.0  TWD   5850    631    10112  10112    751   100.0      0.0 20250822       E   10112 A20250822023 20250822 14111944   FSPSPT  FSPSPT 20250822  141119      N               20250826      N      70.0             
ASOP25080773 S123581497  33881    ASO       C     S      1 20250829 20250901 20250902 20251030 20251030 20251129     0.0 20251109 100.0000     1.0      1.0     2.95   10.12   1.4804   1.8811 100000.0 102.850000  102850.0   0.66  3.510000   3510.0    3510.0  TWD   5850    631    10112  10112    751   100.0      0.0 20250829       E   10112 A20250829017 20250829 14022105   FSPSPT  FSPSPT 20250829  140221      N               20250902      N      70.0             
ASOP25080774 S123581497  41645    ASO       C     S      1 20250829 20250901 20250902 20280609 20280609 20251129     0.0 20280620 100.7520     2.0      2.0     4.25   35.16   1.4804   1.8811 100000.0 118.500000  237000.0  11.26 29.760000  59520.0   59520.0  TWD   5850    631    10112  10112    751   100.0      0.0 20250829       E   10112 A20250829018 20250829 14022106   FSPSPT  FSPSPT 20250829  140221      N               20250902      N      70.0             
ASOP25090024 S123581497  67681    ASO       C     S      1 20250901 20250902 20250903 20271020 20271020 20251201     0.0 20271031 100.0000     2.0      2.0     3.60   38.15   1.4804   1.8811 100000.0 117.500000  235000.0   7.88 25.380000  50760.0   50760.0  TWD   5850    631    10112  10112    751   100.0      0.0 20250901       E   10112 A20250901024 20250901 14114207   FSPSPT  FSPSPT 20250901  141142      N               20250903      N      70.0             
ASOP25090303 S123581497  67681    ASO       C     S      1 20250911 20250912 20250915 20271020 20271020 20251211     0.0 20271031 100.0000     1.0      1.0     3.60   35.52   1.4804   1.8811 100000.0 114.200000  114200.0   7.76 21.960000  21960.0   21960.0  TWD   5850    631    10112  10112    751   100.0      0.0 20250911       E   10112 A20250911036 20250911 14053279   FSPSPT  FSPSPT 20250911  140532      N               20250915      N      70.0             